"V1","V2","V3","V4","V5","V6","V7","V8"
1,-0.754523348624715,-0.340119928605065,0.469802361005561,0,0,0,0
-0.754523348624715,1,0.0193023881546394,-0.0277746355451129,0,0,0,0
-0.340119928605065,0.0193023881546394,1,0.17295075503653,0,0,0,0
0.469802361005561,-0.0277746355451129,0.17295075503653,1,0,0,0,0
0,0,0,0,1,0.0815011140094034,-0.648664321438431,-0.011987900828967
0,0,0,0,0.0815011140094034,1,-0.0487460557765526,-0.180069637844486
0,0,0,0,-0.648664321438431,-0.0487460557765526,1,0.0798629896913614
0,0,0,0,-0.011987900828967,-0.180069637844486,0.0798629896913614,1
