"V1","V2","V3","V4","V5","V6","V7","V8"
1,-0.00408983815368513,0.0788291350870094,-0.122244179976982,0,0,0,0
-0.00408983815368513,1,-0.184846349117055,0.718978810727886,0,0,0,0
0.0788291350870094,-0.184846349117055,1,0.389184448391371,0,0,0,0
-0.122244179976982,0.718978810727886,0.389184448391371,1,0,0,0,0
0,0,0,0,1,-0.352568824942129,0.0297962341878437,0.542826772711033
0,0,0,0,-0.352568824942129,1,-0.226284142350894,0.399802361243195
0,0,0,0,0.0297962341878437,-0.226284142350894,1,-0.30139307193924
0,0,0,0,0.542826772711033,0.399802361243195,-0.30139307193924,1
