"V1","V2","V3","V4","V5","V6","V7","V8"
1,-0.3793065933892,-0.130645396759028,0.17377909051429,0,0,0,0
-0.3793065933892,1,-0.0827719804812078,0.345602087591387,0,0,0,0
-0.130645396759028,-0.0827719804812078,1,0.281067601713951,0,0,0,0
0.17377909051429,0.345602087591387,0.281067601713951,1,0,0,0,0
0,0,0,0,1,-0.135533855466363,-0.309434043625294,0.265419435941033
0,0,0,0,-0.135533855466363,1,-0.137515099063723,0.109866361699354
0,0,0,0,-0.309434043625294,-0.137515099063723,1,-0.110765041123939
0,0,0,0,0.265419435941033,0.109866361699354,-0.110765041123939,1
